tweet_id,favorite_count,retweet_count
892420643555336193,38196,8365
892177421306343426,32745,6177
891815181378084864,24660,4089
891689557279858688,41512,8504
891327558926688256,39707,9206
891087950875897856,19932,3064
890971913173991426,11662,2028
890729181411237888,64454,18564
890609185150312448,27390,4205
890240255349198849,31435,7266
890006608113172480,30223,7216
889880896479866881,27390,4895
889665388333682689,47415,9892
889638837579907072,26762,4473
889531135344209921,14887,2208
889278841981685760,24877,5286
888917238123831296,28668,4421
888804989199671297,25191,4223
888554962724278272,19541,3492
888078434458587136,21441,3443
887705289381826560,29734,5302
887517139158093824,45590,11484
887473957103951883,68072,17886
887343217045368832,33190,10243
887101392804085760,30115,5870
886983233522544640,34639,7646
886736880519319552,11877,3230
886680336477933568,22100,4395
886366144734445568,20877,3148
886267009285017600,116,4
886258384151887873,27580,6186
886054160059072513,0,105
885984800019947520,32186,6689
885528943205470208,35462,6330
885518971528720385,20127,3705
885311592912609280,0,18277
885167619883638784,21597,4314
884925521741709313,76363,18002
884876753390489601,27516,5562
884562892145688576,23952,4658
884441805382717440,26609,5570
884247878851493888,71976,20153
884162670584377345,20071,2943
883838122936631299,21585,3395
883482846933004288,45270,9798
883360690899218434,22357,3643
883117836046086144,36672,6574
882992080364220416,23628,3865
882762694511734784,27904,4843
882627270321602560,27523,5997
882268110199369728,44330,11432
882045870035918850,28944,4901
881906580714921986,23978,3344
881666595344535552,49882,10512
881633300179243008,124,7
881536004380872706,48757,15716
881268444196462592,22768,5095
880935762899988482,16780,2746
880872448815771648,20979,3763
880465832366813184,28137,6186
880221127280381952,26690,4161
880095782870896641,27272,4298
879862464715927552,22023,3449
879674319642796034,308,10
879492040517615616,23097,3140
879415818425184262,104420,43619
879376492567855104,16548,3078
879130579576475649,0,6740
879050749262655488,22255,4657
879008229531029506,18729,2664
878776093423087618,19149,4078
878604707211726852,29864,7112
878404777348136964,0,1271
878316110768087041,0,6570
878281511006478336,7646,1271
878057613040115712,41471,6740
877736472329191424,78741,18859
877611172832227328,0,80
877556246731214848,22419,3766
877316821321428993,27023,5115
877201837425926144,26764,5519
876838120628539392,20415,3307
876537666061221889,23199,4578
876484053909872640,18519,2371
876120275196170240,27561,4646
875747767867523072,24875,4251
875144289856114688,21645,4878
875097192612077568,27076,5987
875021211251597312,25164,4674
874680097055178752,27500,4605
874434818259525634,0,14608
874296783580663808,25753,4077
874057562936811520,22384,3924
874012996292530176,34202,10332
873580283840344065,23931,3916
873337748698140672,0,1578
873213775632977920,7151,1578
872967104147763200,27075,5374
872820683541237760,14568,3675
872620804844003328,20580,3679
872486979161796608,40269,8970
872261713294495745,33873,6293
872122724285648897,34123,8089
871879754684805121,37645,11136
871762521631449091,20103,3465
871515927908634625,20048,3445
871166179821445120,0,5689
871102520638267392,20767,5490
871032628920680449,22491,3812
870804317367881728,33375,6200
870726314365509632,119,3
870656317836468226,12337,2646
870374049280663552,82205,26213
870308999962521604,21715,4156
870063196459192321,36469,8359
869772420881756160,42198,10049
869702957897576449,28113,6364
869596645499047938,15912,3139
869227993411051520,20355,3798
868880397819494401,65437,14552
868639477480148993,0,2107
868622495443632128,26761,5406
868552278524837888,10118,2107
867900495410671616,24152,4203
867774946302451713,33963,7386
867421006826221569,16102,2528
867072653475098625,0,121
867051520902168576,32229,7930
866720684873056260,20092,4859
866686824827068416,19352,3521
866450705531457537,122410,35610
866334964761202691,52675,14608
866094527597207552,0,8464
865718153858494464,25681,5680
865359393868664832,26556,5060
865006731092295680,28096,7778
864873206498414592,32411,8822
864279568663928832,14683,3081
864197398364647424,30300,9071
863907417377173506,20727,4207
863553081350529029,15378,4242
863471782782697472,0,2494
863432100342583297,23961,5347
863427515083354112,2280,99
863079547188785154,8822,1119
863062471531167744,8580,2494
862831371563274240,19300,5171
862722525377298433,17188,3588
862457590147678208,20703,5045
862096992088072192,75134,23731
861383897657036800,36368,10906
861288531465048066,17337,4240
861005113778896900,16866,3881
860981674716409858,0,2204
860924035999428608,0,840
860563773140209665,7579,2204
860524505164394496,23858,5393
860276583193509888,18490,3553
860184849394610176,16865,5964
860177593139703809,0,31569
859924526012018688,19753,4190
859851578198683649,15574,3592
859607811541651456,18801,1612
859196978902773760,91042,30975
859074603037188101,34304,13947
858860390427611136,0,8357
858843525470990336,15736,3565
858471635011153920,21779,4977
858107933456039936,15935,2999
857989990357356544,16347,2655
857746408056729600,34773,10951
857393404942143489,6002,1690
857263160327368704,20318,4658
857214891891077121,232,18
857062103051644929,0,177
857029823797047296,19248,4131
856602993587888130,0,11042
856543823941562368,16539,2973
856526610513747968,12045,1942
856330835276025856,0,702
856288084350160898,527,17
856282028240666624,28209,6531
855862651834028034,352,28
855860136149123072,5135,1065
855857698524602368,12074,2188
855851453814013952,46287,18322
855818117272018944,27125,5622
855459453768019968,30541,8517
855245323840757760,0,6206
855138241867124737,0,48
854732716440526848,23353,6354
854482394044301312,30006,7150
854365224396361728,19358,4882
854120357044912130,32732,7810
854010172552949760,16605,3290
853760880890318849,29327,6059
853639147608842240,35791,10595
853299958564483072,15949,3736
852936405516943360,0,2105
852912242202992640,9311,1925
852672615818899456,15343,2261
852553447878664193,16849,3690
852311364735569921,34097,10376
852226086759018497,20595,7136
852189679701164033,11815,1665
851953902622658560,0,10132
851861385021730816,0,23
851591660324737024,16712,3649
851464819735769094,25059,7445
851224888060895234,21360,6027
850753642995093505,32075,9782
850380195714523136,13502,2759
850333567704068097,3547,352
850145622816686080,16893,4041
850019790995546112,21177,5170
849776966551130114,31557,8030
849668094696017920,0,5241
849412302885593088,16442,3321
849336543269576704,11836,1993
849051919805034497,44054,9017
848690551926992896,26152,4569
848324959059550208,25690,4876
848213670039564288,8482,792
848212111729840128,16954,3257
847978865427394560,0,3452
847971574464610304,0,456
847962785489326080,24425,5410
847842811428974592,5692,1425
847617282490613760,7290,451
847606175596138505,19521,3603
847251039262605312,21270,4561
847157206088847362,20775,6216
847116187444137987,22290,3395
846874817362120707,20915,4173
846514051647705089,46509,12336
846505985330044928,14712,3291
846153765933735936,33028,9649
846139713627017216,32173,10500
846042936437604353,16661,3083
845812042753855489,30562,9315
845677943972139009,26174,5092
845397057150107648,7960,1927
845306882940190720,24329,5745
845098359547420673,0,8170
844979544864018432,14228,2754
844973813909606400,15783,3427
844704788403113984,40437,11042
844580511645339650,17203,3356
844223788422217728,14245,2345
843981021012017153,15806,3121
843856843873095681,22366,4940
843604394117681152,17655,2944
843235543001513987,22470,6465
842846295480000512,15920,3846
842765311967449089,7058,1360
842535590457499648,18938,3747
842163532590374912,25633,6206
842115215311396866,14665,3244
841833993020538882,0,16431
841680585030541313,26851,8300
841439858740625411,13232,3927
841320156043304961,20687,5815
841314665196081154,16580,5027
841077006473256960,23994,5689
840761248237133825,0,1882
840728873075638272,0,17374
840698636975636481,187,2
840696689258311684,12899,1050
840632337062862849,9414,1882
840370681858686976,17268,4885
840268004936019968,20228,6153
839990271299457024,14104,2469
839549326359670784,28903,8357
839290600511926273,0,154
839239871831150596,28590,7025
838952994649550848,20613,4266
838921590096166913,11740,2231
838916489579200512,0,36
838831947270979586,0,11893
838561493054533637,11474,1424
838476387338051585,23753,5182
838201503651401729,0,10856
838150277551247360,1770,354
838085839343206401,149,0
838083903487373313,18549,3394
837820167694528512,35957,8464
837482249356513284,4035,476
837471256429613056,13464,2469
837366284874571778,22237,5705
837110210464448512,16864,2579
836989968035819520,13398,2474
836753516572119041,20246,4976
836677758902222849,13281,2393
836648853927522308,0,591
836397794269200385,0,29797
836380477523124226,15501,3187
836260088725786625,22405,4625
836001077879255040,20139,4632
835685285446955009,0,8809
835574547218894849,18758,3908
835536468978302976,0,1840
835309094223372289,0,22703
835297930240217089,17304,3233
835264098648616962,8171,1840
835246439529840640,2204,78
835172783151792128,27559,6201
835152434251116546,23676,3256
834931633769889797,11427,1784
834786237630337024,22302,5918
834574053763584002,14446,2737
834477809192075265,0,11542
834458053273591808,10146,1810
834209720923721728,21747,5174
834167344700198914,16630,3929
834089966724603904,10600,2296
834086379323871233,13792,2398
833863086058651648,14148,2602
833826103416520705,16202,3720
833732339549220864,0,233
833722901757046785,21839,3471
833479644947025920,15689,2240
833124694597443584,21319,5241
832998151111966721,14040,2400
832769181346996225,0,40
832757312314028032,17770,3925
832682457690300417,12539,3177
832645525019123713,3084,563
832636094638288896,16762,3031
832397543355072512,12623,2408
832369877331693569,18135,3452
832273440279240704,11947,2525
832215909146226688,0,6707
832215726631055365,0,10172
832088576586297345,70,2
832040443403784192,0,10543
832032802820481025,18839,5036
831939777352105988,25379,6653
831926988323639298,361,35
831911600680497154,29242,7066
831670449226514432,11047,1965
831650051525054464,7594,2105
831552930092285952,9527,2487
831322785565769729,9722,1658
831315979191906304,6898,1211
831309418084069378,12406,2643
831262627380748289,12601,2227
830956169170665475,8441,1620
830583320585068544,70832,18277
830173239259324417,0,6196
830097400375152640,10396,3264
829878982036299777,0,5450
829861396166877184,12943,2127
829501995190984704,33630,11542
829449946868879360,11084,2205
829374341691346946,36674,10132
829141528400556032,25974,8059
829011960981237760,56146,17639
828801551087042563,0,3699
828770345708580865,27099,6388
828708714936930305,38832,12215
828650029636317184,10073,1467
828409743546925057,6669,1251
828408677031882754,8113,1396
828381636999917570,13395,2418
828376505180889089,7831,1155
828372645993398273,13285,3198
828361771580813312,2326,184
828046555563323392,12469,3113
828011680017821696,10999,2338
827933404142436356,21370,5689
827653905312006145,16370,3273
827600520311402496,7860,1032
827324948884643840,16847,3338
827199976799354881,11227,2443
826958653328592898,22895,5450
826848821049180160,38730,11136
826615380357632002,0,4303
826598799820865537,5428,277
826598365270007810,10702,2556
826476773533745153,19561,4572
826240494070030336,14097,2815
826204788643753985,5182,1016
826115272272650244,16652,3416
825876512159186944,11124,2038
825829644528148480,13547,2713
825535076884762624,55338,18751
825147591692263424,19462,4989
825120256414846976,0,1400
825026590719483904,6750,1400
824796380199809024,0,5997
824775126675836928,15917,3843
824663926340194305,10710,1894
824325613288833024,12532,11329
824297048279236611,16020,4222
824025158776213504,5078,646
823939628516474880,11327,2959
823719002937630720,0,12267
823699002998870016,13385,2644
823581115634085888,13878,2888
823333489516937216,741,29
823322678127919110,16749,4387
823269594223824897,0,10769
822975315408461824,18400,3758
822872901745569793,140945,47947
822859134160621569,14074,2493
822647212903690241,0,7017
822610361945911296,15727,3239
822489057087389700,19339,7017
822462944365645825,30361,16040
822244816520155136,37317,10769
822163064745328640,0,5259
821886076407029760,12108,2562
821813639212650496,0,3653
821765923262631936,8981,1820
821522889702862852,8556,1935
821421320206483457,0,6126
821407182352777218,12560,4766
821153421864615936,271,10
821149554670182400,9310,2204
821107785811234820,10224,2330
821044531881721856,13509,2508
820837357901512704,0,7334
820749716845686786,33659,10856
820690176645140481,13019,3535
820494788566847489,0,621
820446719150292993,0,2832
820314633777061888,3560,621
820078625395449857,21154,6883
820013781606658049,0,1301
819952236453363712,5677,1301
819924195358416896,13736,5307
819711362133872643,14370,3439
819588359383371776,10209,2156
819347104292290561,7711,1324
819238181065359361,2435,443
819227688460238848,24660,7334
819015337530290176,0,40220
819015331746349057,0,20730
819006400881917954,48221,20730
819004803107983360,92275,40220
818646164899774465,0,22876
818627210458333184,23707,8161
818614493328580609,10542,2835
818588835076603904,0,6737
818536468981415936,11659,2720
818307523543449600,0,8916
818259473185828864,11788,2510
818145370475810820,13137,2850
817908911860748288,5178,866
817827839487737858,55449,29797
817777686764523521,11443,2934
817536400337801217,12624,3330
817502432452313088,0,3717
817423860136083457,36604,16431
817415592588222464,6006,1059
817181837579653120,0,9335
817171292965273600,9331,2208
817120970343411712,13017,2881
817056546584727552,9174,1817
816829038950027264,0,5182
816816676327063552,10693,2235
816697700272001025,10487,2430
816450570814898180,32725,8916
816336735214911488,9201,2148
816091915477250048,9559,2366
816062466425819140,0,1144
816014286006976512,0,5841
815990720817401858,5353,1144
815966073409433600,24019,9335
815745968457060357,0,4550
815736392542261248,10536,2501
815639385530101762,8802,1811
815390420867969024,11094,4185
814986499976527872,8174,1424
814638523311648768,12076,2976
814578408554463233,0,6387
814530161257443328,9281,2036
814153002265309185,30823,9554
813944609378369540,0,3519
813910438903693312,9957,2070
813812741911748608,38935,15415
813800681631023104,8947,1933
813217897535406080,20034,8028
813202720496779264,9842,1977
813187593374461952,21255,4803
813172488309972993,10002,2105
813157409116065792,8316,2442
813142292504645637,9026,2596
813130366689148928,4786,488
813127251579564032,12711,3442
813112105746448384,11075,3034
813096984823349248,11280,3970
813081950185472002,10584,3046
813066809284972545,8535,2144
813051746834595840,22475,8071
812781120811126785,8121,2102
812747805718642688,0,7628
812709060537683968,7111,1572
812503143955202048,6520,1348
812466873996607488,8571,2119
812372279581671427,14699,4035
811985624773361665,7790,1547
811744202451197953,8094,1775
811647686436880384,5985,819
811627233043480576,13726,3448
811386762094317568,22426,7047
810984652412424192,5718,1578
810896069567610880,9714,1969
810657578271330305,11766,2916
810284430598270976,38046,12580
810254108431155201,15766,3699
809920764300447744,16627,4303
809808892968534016,0,5406
809448704142938112,7438,1618
809220051211603969,21400,6196
809084759137812480,14192,3858
808838249661788160,10847,3354
808733504066486276,8494,2390
808501579447930884,12115,2867
808344865868283904,45638,22876
808134635716833280,0,6565
808106460588765185,9362,2421
808001312164028416,13507,3899
807621403335917568,15647,4060
807106840509214720,127537,61268
807059379405148160,0,8083
807010152071229440,14004,4217
806629075125202948,80710,38438
806620845233815552,0,6090
806576416489959424,5208,2120
806542213899489280,10977,2611
806242860592926720,0,12905
806219024703037440,6894,1319
805958939288408065,0,5933
805932879469572096,8887,2109
805826884734976000,7074,2018
805823200554876929,0,8870
805520635690676224,6163,1820
805487436403003392,9420,2797
805207613751304193,8386,1881
804738756058218496,14768,4248
804475857670639616,6606,2220
804413760345620481,0,3555
804026241225523202,47969,17898
803773340896923648,10800,3057
803692223237865472,0,8195
803638050916102144,11800,4565
803380650405482500,8332,2050
803321560782307329,0,5870
803276597545603072,10775,2727
802952499103731712,9706,2217
802624713319034886,0,3232
802600418706604034,7650,1626
802572683846291456,9610,2760
802323869084381190,17468,6446
802265048156610565,7101,1507
802239329049477120,9765,2875
802185808107208704,0,294
801958328846974976,8298,1885
801854953262350336,1891,259
801538201127157760,8825,2270
801285448605831168,6520,919
801167903437357056,26356,6565
801127390143516673,0,4388
801115127852503040,8698,2306
800859414831898624,741,107
800855607700029440,0,1801
800751577355128832,11295,3061
800513324630806528,14130,3323
800459316964663297,10178,2389
800443802682937345,0,4767
800388270626521089,11997,3103
800188575492947969,0,4348
800141422401830912,16456,2832
800018252395122689,30540,14549
799774291445383169,0,5173
799757965289017345,9049,2391
799422933579902976,8656,2113
799308762079035393,0,6115
799297110730567681,10670,3063
799063482566066176,8705,2725
798933969379225600,14166,4949
798925684722855936,7999,1589
798705661114773508,0,7294
798701998996647937,0,8621
798697898615730177,0,7192
798694562394996736,0,5481
798686750113755136,0,2571
798682547630837760,0,5218
798673117451325440,0,6125
798665375516884993,0,4292
798644042770751489,0,2040
798628517273620480,0,2169
798585098161549313,0,6298
798576900688019456,0,6480
798340744599797760,0,3716
798209839306514432,11172,2830
797971864723324932,12536,3470
797545162159308800,15611,5367
797236660651966464,21519,7331
797165961484890113,248,29
796904159865868288,0,9820
796865951799083009,8265,2102
796759840936919040,12784,3377
796563435802726400,0,8067
796484825502875648,8158,1949
796387464403357696,11845,4601
796177847564038144,0,15815
796149749086875649,34834,15815
796125600683540480,5317,1970
796116448414461957,9787,2678
796080075804475393,9100,2567
796031486298386433,11626,4071
795464331001561088,53622,26318
795400264262053889,10883,3168
795076730285391872,17476,5997
794983741416415232,0,3723
794926597468000259,11075,2555
794355576146903043,0,11362
794332329137291264,10306,2922
794205286408003585,9892,3656
793962221541933056,18124,5406
793845145112371200,9902,2073
793614319594401792,0,3444
793601777308463104,8584,1809
793500921481273345,11518,2628
793286476301799424,26497,10172
793271401113350145,9311,2617
793256262322548741,21519,9205
793241302385262592,11322,3619
793226087023144960,10597,3159
793210959003287553,9623,3108
793195938047070209,16434,6212
793180763617361921,7452,2196
793165685325201412,10127,3075
793150605191548928,6641,1884
793135492858580992,6968,2759
793120401413079041,13664,4324
792913359805018113,15438,4439
792883833364439040,12188,4720
792773781206999040,7906,1857
792394556390137856,14491,4734
792050063153438720,7731,1986
791821351946420224,0,23215
791784077045166082,0,10644
791780927877898241,0,4198
791774931465953280,48594,24509
791672322847637504,12655,3444
791406955684368384,14129,4550
791312159183634433,9457,2808
791026214425268224,0,4543
790987426131050500,10653,2360
790946055508652032,17879,5182
790723298204217344,0,2557
790698755171364864,8817,2104
790581949425475584,22242,7928
790337589677002753,8417,2062
790277117346975746,13494,3519
790227638568808452,0,3942
789986466051088384,9953,2557
789960241177853952,0,4577
789903600034189313,11183,4554
789628658055020548,8082,1970
789599242079838210,7286,2139
789530877013393408,12665,3723
789314372632018944,9257,2543
789280767834746880,0,5459
789268448748703744,9805,2842
789137962068021249,10438,3081
788908386943430656,29478,13660
788765914992902144,29507,11362
788552643979468800,0,7944
788412144018661376,16778,5851
788178268662984705,7791,2336
788150585577050112,6624,1437
788070120937619456,0,3773
788039637453406209,6605,1458
787810552592695296,9330,3363
787717603741622272,10984,3069
787397959788929025,11656,3125
787322443945877504,8377,1922
787111942498508800,0,7394
786963064373534720,28570,8809
786729988674449408,0,2662
786709082849828864,19539,6707
786664955043049472,11458,2828
786595970293370880,10109,3409
786363235746385920,11720,3862
786286427768250368,8570,3150
786233965241827333,16445,5259
786051337297522688,1548,169
786036967502913536,0,7781
785927819176054784,12204,3479
785872687017132033,7176,2012
785639753186217984,8391,2444
785533386513321988,9790,2209
785515384317313025,6543,1383
785264754247995392,7801,1800
785170936622350336,12999,5349
784826020293709826,10883,3555
784517518371221505,9637,2789
784431430411685888,6115,1410
784183165795655680,21595,8870
784057939640352768,32088,12267
783839966405230592,32253,11893
783821107061198850,7906,2158
783695101801398276,11215,3544
783466772167098368,9065,2480
783391753726550016,18103,6062
783347506784731136,0,6160
783334639985389568,31370,12905
783085703974514689,8732,2442
782969140009107456,25864,8083
782747134529531904,8013,1535
782722598790725632,18517,5933
782598640137187329,8336,2059
782305867769217024,17876,6126
782021823840026624,0,6858
781955203444699136,11916,3694
781661882474196992,11201,2977
781655249211752448,4293,1235
781524693396357120,22258,6090
781308096455073793,7639,2791
781251288990355457,9046,2308
781163403222056960,10466,2998
780931614150983680,23188,8067
780858289093574656,7710,2192
780800785462489090,5909,1428
780601303617732608,12945,3653
780543529827336192,6754,1905
780496263422808064,0,4075
780476555013349377,0,128
780459368902959104,5666,1175
780192070812196864,9326,2455
780092040432480260,0,2524
780074436359819264,13126,5486
779834332596887552,20356,7781
779377524342161408,9440,3412
779124354206535695,0,20206
779123168116150273,12647,3989
779056095788752897,15851,4960
778990705243029504,21468,7980
778774459159379968,0,10928
778764940568104960,917,403
778748913645780993,7391,1463
778650543019483137,6189,1636
778624900596654080,4986,1113
778408200802557953,14618,4771
778396591732486144,0,13430
778383385161035776,6243,1209
778286810187399168,11125,3629
778039087836069888,9077,2888
778027034220126208,7017,1778
777953400541634568,0,3862
777885040357281792,6807,1803
777684233540206592,12020,3232
777641927919427584,0,4659
777621514455814149,9392,2732
777189768882946048,15316,4747
776819012571455488,0,15067
776813020089548800,5219,1325
776477788987613185,9466,3071
776249906839351296,0,10031
776218204058357768,32095,17498
776201521193218049,10264,2763
776113305656188928,12569,4767
776088319444877312,1963,166
775898661951791106,0,17984
775842724423557120,12534,2933
775733305207554048,14805,4388
775729183532220416,13808,4998
775364825476165632,7949,3256
775350846108426240,10857,4279
775085132600442880,16620,5173
774757898236878852,9135,1936
774639387460112384,7183,1904
774314403806253056,23262,6115
773985732834758656,11480,4244
773922284943896577,6832,1892
773704687002451968,7058,1787
773670353721753600,5683,1418
773547596996571136,23573,6737
773336787167145985,0,5566
773308824254029826,24811,8170
773247561583001600,10063,3506
773191612633579521,10664,4493
772877495989305348,9153,4229
772826264096874500,8524,2542
772615324260794368,0,3687
772581559778025472,6911,1845
772193107915964416,6413,1510
772152991789019136,4036,1223
772117678702071809,4007,802
772114945936949249,2893,516
772102971039580160,4277,1011
771908950375665664,7020,2070
771770456517009408,12806,3716
771500966810099713,8837,2864
771380798096281600,11232,5566
771171053431250945,0,8258
771136648247640064,9807,3197
771102124360998913,6648,1563
771014301343748096,7331,1805
771004394259247104,0,240
770787852854652928,5293,1332
770772759874076672,5544,1540
770655142660169732,7814,1897
770414278348247044,6715,2250
770293558247038976,6658,1625
770093767776997377,0,3313
770069151037685760,8086,2512
769940425801170949,33563,10543
769695466921623552,6814,1808
769335591808995329,0,8379
769212283578875904,5753,1869
768970937022709760,15368,7135
768909767477751808,0,2950
768855141948723200,4470,968
768609597686943744,4390,1323
768596291618299904,5354,1389
768554158521745409,0,6349
768473857036525572,14546,3731
768193404517830656,11631,3862
767884188863397888,5072,1533
767754930266464257,17101,5870
767500508068192258,7984,2542
767191397493538821,13086,4152
767122157629476866,10802,3109
766864461642756096,0,6166
766793450729734144,5412,1479
766714921925144576,2780,422
766693177336135680,4303,862
766423258543644672,6417,1741
766313316352462849,7229,2048
766078092750233600,0,2830
766069199026450432,4564,942
766008592277377025,3986,537
765719909049503744,7723,2343
765669560888528897,5539,1326
765395769549590528,28120,3691
765371061932261376,7559,2350
765222098633691136,12377,3687
764857477905154048,6849,1926
764259802650378240,6447,1652
763956972077010945,788,59
763837565564780549,13436,4543
763183847194451968,5755,1605
763167063695355904,0,3285
763103485927849985,7835,2482
762699858130116608,12964,3942
762471784394268675,12009,7047
762464539388485633,10997,4577
762316489655476224,5124,1228
762035686371364864,34072,16968
761976711479193600,5750,2197
761750502866649088,0,4288
761745352076779520,4529,937
761672994376806400,52727,31569
761599872357261312,4392,1278
761371037149827077,0,19515
761334018830917632,5541,1576
761292947749015552,4746,1193
761227390836215808,5656,1692
761004547850530816,12035,3772
760893934457552897,4065,1058
760656994973933572,7031,2095
760641137271070720,5268,1405
760539183865880579,8055,3944
760521673607086080,4496,1519
760290219849637889,28513,12476
760252756032651264,4191,938
760190180481531904,6064,1966
760153949710192640,0,34
759943073749200896,6309,2271
759923798737051648,15618,6166
759846353224826880,7150,2152
759793422261743616,6335,2065
759566828574212096,0,22953
759557299618865152,5008,1272
759447681597108224,9015,2662
759446261539934208,1776,528
759197388317847553,6443,2115
759159934323924993,0,1265
759099523532779520,15466,4533
759047813560868866,6927,2190
758854675097526272,3773,970
758828659922702336,11874,4162
758740312047005698,6085,1742
758474966123810816,4064,1077
758467244762497024,5103,2419
758405701903519748,5528,2092
758355060040593408,3656,1180
758099635764359168,20408,10928
758041019896193024,2875,406
757741869644341248,7315,3534
757729163776290825,0,8794
757725642876129280,4825,1320
757611664640446465,4846,1213
757597904299253760,0,316
757596066325864448,4616,1147
757400162377592832,16094,7414
757393109802180609,6198,1896
757354760399941633,4795,1546
756998049151549440,6655,2155
756939218950160384,7063,2179
756651752796094464,5384,1428
756526248105566208,11049,3922
756303284449767430,4198,1176
756288534030475264,45415,18966
756275833623502848,6835,1652
755955933503782912,7790,3134
755206590534418437,17478,5835
755110668769038337,22545,12013
754874841593970688,0,8692
754856583969079297,7300,2740
754747087846248448,2736,568
754482103782404096,5642,2115
754449512966619136,3977,797
754120377874386944,8315,2536
753655901052166144,6208,2360
753420520834629632,8399,3866
753398408988139520,6145,2080
753375668877008896,8100,2524
753298634498793472,0,6252
753294487569522689,3606,1127
753039830821511168,39369,22702
753026973505581056,4126,1055
752932432744185856,13385,7394
752917284578922496,7310,1706
752701944171524096,0,3129
752682090207055872,6353,1741
752660715232722944,4671,1711
752568224206688256,5868,2470
752519690950500352,7828,3732
752334515931054080,4046,1191
752309394570878976,0,18076
752173152931807232,6312,2000
751950017322246144,3263,1009
751937170840121344,5529,1459
751830394383790080,6147,2121
751793661361422336,6212,3154
751598357617971201,8375,3294
751583847268179968,4672,1208
751538714308972544,5337,1374
751456908746354688,3393,1080
751251247299190784,13240,6350
751205363882532864,6687,1979
751132876104687617,5389,1411
750868782890057730,5059,1501
750719632563142656,13995,5459
750506206503038976,4707,1244
750429297815552001,13961,4659
750383411068534784,4819,1228
750381685133418496,731,32
750147208377409536,3280,1046
750132105863102464,3850,1375
750117059602808832,4586,1406
750101899009982464,3220,911
750086836815486976,2303,591
750071704093859840,8335,3613
750056684286914561,3323,970
750041628174217216,3363,670
750026558547456000,2875,855
750011400160841729,3435,984
749996283729883136,3212,875
749981277374128128,5415,2645
749774190421639168,4920,1418
749417653287129088,6454,1804
749403093750648834,2783,590
749395845976588288,9109,3744
749317047558017024,5805,2394
749075273010798592,6094,2234
749064354620928000,5067,1629
749036806121881602,3281,843
748977405889503236,11331,3669
748932637671223296,6187,2444
748705597323898880,2927,1023
748699167502000129,5008,1726
748692773788876800,4482,1435
748575535303884801,6411,2153
748568946752774144,2303,726
748346686624440324,5520,1338
748337862848962560,8136,4451
748324050481647620,3913,827
748307329658011649,3876,772
748220828303695873,14935,8397
747963614829678593,6109,2313
747933425676525569,7000,2756
747885874273214464,3120,1063
747844099428986880,2962,810
747816857231626240,5124,1253
747651430853525504,1458,170
747648653817413632,13616,6303
747600769478692864,2452,591
747594051852075008,3902,1134
747512671126323200,5861,1709
747461612269887489,4083,1112
747439450712596480,5724,2074
747242308580548608,0,3103
747219827526344708,5570,1705
747204161125646336,3573,992
747103485104099331,10108,4304
746906459439529985,3046,318
746872823977771008,6326,2313
746818907684614144,5592,1856
746790600704425984,5150,1712
746757706116112384,10096,4198
746726898085036033,6372,1928
746542875601690625,5317,2008
746521445350707200,0,1058
746507379341139972,4884,1165
746369468511756288,6506,1770
746131877086527488,7283,2369
746056683365994496,3747,874
745789745784041472,4250,1147
745712589599014916,7376,2496
745433870967832576,7486,2729
745422732645535745,9045,2614
745314880350101504,7562,2981
745074613265149952,8263,3797
745057283344719872,7631,2447
744995568523612160,3135,671
744971049620602880,8313,2897
744709971296780288,5897,1674
744334592493166593,7137,2296
744234799360020481,164861,84041
744223424764059648,1788,401
743980027717509120,4376,1168
743895849529389061,3832,1027
743835915802583040,0,2244
743609206067040256,4723,1480
743595368194129920,19468,7055
743545585370791937,3715,1002
743510151680958465,8327,3964
743253157753532416,4465,1307
743222593470234624,6531,2046
743210557239623680,4036,1463
742534281772302336,7421,3817
742528092657332225,4675,2137
742465774154047488,7653,4172
742423170473463808,10363,4075
742385895052087300,7159,2138
742161199639494656,4571,1472
742150209887731712,5410,1672
741793263812808706,4801,1619
741743634094141440,8610,2969
741438259667034112,3870,896
741303864243200000,9240,3477
741099773336379392,10578,5949
741067306818797568,9949,3313
740995100998766593,6732,2969
740711788199743490,3588,1002
740699697422163968,2983,841
740676976021798912,19111,7294
740373189193256964,36608,14269
740365076218183684,2611,469
740359016048689152,3473,916
740214038584557568,7038,2109
739979191639244800,21010,6349
739932936087216128,4268,1155
739844404073074688,3988,915
739623569819336705,4010,1455
739606147276148736,5667,1776
739544079319588864,41750,22953
739485634323156992,7570,3157
739238157791694849,121867,62269
738891149612572673,113,6
738885046782832640,3965,1223
738883359779196928,3515,870
738537504001953792,5362,1672
738402415918125056,3428,907
738184450748633089,4530,1296
738166403467907072,9258,3649
738156290900254721,2663,700
737826014890496000,5544,1887
737800304142471168,10501,3712
737678689543020544,5304,1431
737445876994609152,10819,4783
737322739594330112,3795,870
737310737551491075,15434,7941
736736130620620800,4540,1861
736392552031657984,18665,7944
736365877722001409,4193,1344
736225175608430592,8544,2965
736010884653420544,8302,3188
735991953473572864,3779,1229
735648611367784448,4213,1176
735635087207878657,6491,2521
735274964362878976,13656,5439
735256018284875776,3508,950
735137028879360001,3291,1038
734912297295085568,2874,551
734787690684657664,13197,6747
734776360183431168,2636,583
734559631394082816,1572,423
733828123016450049,3782,831
733822306246479872,3853,1078
733482008106668032,3303,1016
733460102733135873,4424,1367
733109485275860992,51654,17984
732732193018155009,2566,575
732726085725589504,3709,948
732585889486888962,3866,822
732375214819057664,8496,2699
732005617171337216,15688,5841
731285275100512256,3663,1052
731156023742988288,4027,1359
730924654643314689,6436,2116
730573383004487680,5161,2304
730427201120833536,3635,1112
730211855403241472,4014,1130
730196704625098752,5125,2049
729854734790754305,4236,1204
729838605770891264,1793,410
729823566028484608,4183,1323
729463711119904772,6093,2466
729113531270991872,1979,350
728986383096946689,3319,879
728760639972315136,4902,1820
728751179681943552,2912,725
728653952833728512,3474,1110
728409960103686147,5151,2145
728387165835677696,3847,1023
728046963732717569,4520,1256
728035342121635841,4769,1782
728015554473250816,4299,1166
727685679342333952,3078,683
727644517743104000,6186,1866
727524757080539137,4686,1304
727314416056803329,3486,802
727286334147182592,3193,871
727175381690781696,4059,1468
727155742655025152,3810,1412
726935089318363137,7222,2619
726887082820554753,4019,1606
726828223124897792,3727,1076
726224900189511680,4625,1228
725842289046749185,7397,2830
725786712245440512,4364,1450
725729321944506368,5435,1897
725458796924002305,1476,663
724983749226668032,3888,1389
724771698126512129,2483,688
724405726123311104,5552,1758
724049859469295616,4524,1888
724046343203856385,2786,595
724004602748780546,4384,1681
723912936180330496,4081,1307
723688335806480385,8081,3184
723673163800948736,3167,951
723179728551723008,5547,2003
722974582966214656,4310,1675
722613351520608256,5199,1745
721503162398597120,4883,1996
721001180231503872,2651,656
720785406564900865,3261,823
720775346191278080,2596,723
720415127506415616,4322,1593
720389942216527872,6720,2686
720340705894408192,3006,1037
720059472081784833,4071,1204
720043174954147842,5134,2140
719991154352222208,5059,1862
719704490224398336,4781,1547
719551379208073216,5293,2054
719367763014393856,2924,787
719339463458033665,4626,1335
719332531645071360,3577,1020
718971898235854848,3659,1169
718939241951195136,5489,1877
718631497683582976,19782,8621
718613305783398402,2557,514
718540630683709445,2603,1079
718460005985447936,2823,564
718454725339934721,5096,1607
718246886998687744,2021,534
718234618122661888,4063,1069
717841801130979328,2570,631
717790033953034240,3027,1204
717537687239008257,6026,1968
717428917016076293,1685,485
717421804990701568,3298,899
717047459982213120,6562,2033
717009362452090881,3424,1039
716802964044845056,4477,1255
716791146589110272,6260,1527
716730379797970944,1289,455
716447146686459905,13735,6289
716439118184652801,2478,227
716285507865542656,2913,1158
716080869887381504,7035,2049
715928423106027520,3345,932
715758151270801409,3916,1516
715733265223708672,4895,1801
715704790270025728,2929,605
715696743237730304,4093,1372
715680795826982913,4535,1730
715360349751484417,5735,1681
715342466308784130,3172,727
715220193576927233,2531,696
715200624753819648,5367,2013
715009755312439296,4365,1321
714982300363173890,3937,1108
714962719905021952,7708,4552
714957620017307648,4340,1515
714631576617938945,3426,1070
714606013974974464,3799,989
714485234495041536,2837,1236
714258258790387713,3152,764
714251586676113411,3427,897
714214115368108032,2378,939
714141408463036416,4516,1498
713919462244790272,3434,827
713909862279876608,2005,580
713900603437621249,2969,793
713761197720473600,5116,1472
713411074226274305,4626,1378
713177543487135744,7547,3018
713175907180089344,4675,1556
712809025985978368,19504,7192
712717840512598017,12952,5343
712668654853337088,4359,1298
712438159032893441,5581,1671
712309440758808576,257,25
712097430750289920,3979,1106
712092745624633345,3083,960
712085617388212225,3406,516
712065007010385924,2374,667
711998809858043904,0,134
711968124745228288,8456,2466
711743778164514816,2984,1052
711732680602345472,9313,4395
711694788429553666,34433,19515
711652651650457602,4057,979
711363825979756544,3835,1209
711306686208872448,3475,780
711008018775851008,3139,663
710997087345876993,4775,1488
710844581445812225,2670,736
710833117892898816,2822,576
710658690886586372,2423,604
710609963652087808,5033,2508
710588934686908417,4772,2000
710296729921429505,2485,787
710283270106132480,2240,550
710272297844797440,4747,1344
710269109699739648,2516,1205
710153181850935296,3051,956
710140971284037632,2900,954
710117014656950272,5776,2124
709918798883774466,3130,1140
709901256215666688,706,105
709852847387627521,3677,1276
709566166965075968,3720,1288
709556954897764353,3451,1136
709519240576036864,1562,256
709449600415961088,2337,628
709409458133323776,2744,740
709225125749587968,2521,609
709207347839836162,13234,6239
709198395643068416,2532,685
709179584944730112,2116,720
709158332880297985,2145,450
709042156699303936,4990,1753
708853462201716736,1885,701
708845821941387268,3123,957
708834316713893888,1781,538
708810915978854401,17322,7432
708738143638450176,2880,872
708711088997666817,2680,777
708479650088034305,2674,721
708469915515297792,3240,878
708400866336894977,16819,10821
708356463048204288,3796,1428
708349470027751425,2470,789
708149363256774660,4490,1646
708130923141795840,3556,892
708119489313951744,2819,1046
708109389455101952,2029,578
708026248782585858,4582,2043
707995814724026368,3282,1202
707983188426153984,51,2
707969809498152960,2833,1036
707776935007539200,3444,1012
707741517457260545,2621,653
707738799544082433,4298,2643
707693576495472641,3614,1072
707629649552134146,2709,940
707610948723478529,17833,6858
707420581654872064,2393,739
707411934438625280,2396,640
707387676719185920,3681,1392
707377100785885184,3448,1154
707315916783140866,2601,686
707297311098011648,2900,851
707059547140169728,2706,726
707038192327901184,2309,851
707021089608753152,4275,1465
707014260413456384,2427,641
706904523814649856,15322,8379
706901761596989440,2175,641
706681918348251136,3492,1035
706644897839910912,2711,1169
706593038911545345,2269,670
706538006853918722,3638,1512
706516534877929472,3256,1107
706346369204748288,3623,987
706310011488698368,22520,8540
706291001778950144,1788,500
706265994973601792,2866,983
706169069255446529,4103,2377
706166467411222528,5415,1722
706153300320784384,1567,414
705975130514706432,3259,789
705970349788291072,3298,953
705898680587526145,2499,598
705786532653883392,2052,561
705591895322394625,3331,1231
705475953783398401,3111,989
705442520700944385,4680,1758
705428427625635840,4017,1810
705239209544720384,3151,805
705223444686888960,2714,864
705102439679201280,2259,547
705066031337840642,2286,647
704871453724954624,4483,1191
704859558691414016,2374,583
704847917308362754,5374,1638
704819833553219584,2768,1068
704761120771465216,6971,3103
704499785726889984,3092,1069
704491224099647488,807,89
704480331685040129,3576,1131
704364645503647744,8445,3809
704347321748819968,1670,375
704134088924532736,1593,500
704113298707505153,1955,604
704054845121142784,3068,979
703774238772166656,1939,500
703769065844768768,3465,1215
703631701117943808,2729,740
703611486317502464,4062,1622
703425003149250560,3992,1481
703407252292673536,2583,745
703382836347330562,3683,1220
703356393781329922,2016,415
703268521220972544,2069,586
703079050210877440,7768,3322
703041949650034688,27766,13430
702932127499816960,2727,774
702899151802126337,1693,483
702684942141153280,3385,1156
702671118226825216,2312,602
702598099714314240,10877,3501
702539513671897089,3027,1022
702332542343577600,3363,1666
702321140488925184,3454,1102
702276748847800320,2606,817
702217446468493312,5060,1433
701981390485725185,3622,1063
701952816642965504,4007,1094
701889187134500865,3747,1473
701805642395348998,3616,1820
701601587219795968,2196,489
701570477911896070,2972,1002
701545186879471618,2799,656
701214700881756160,12859,5481
700890391244103680,2334,616
700864154249383937,2728,657
700847567345688576,2556,536
700796979434098688,2566,1029
700747788515020802,24033,10031
700518061187723268,2784,857
700505138482569216,2399,610
700462010979500032,4354,1929
700167517596164096,2789,800
700151421916807169,2359,707
700143752053182464,7932,2949
700062718104104960,2783,743
700029284593901568,2180,626
700002074055016451,3485,1444
699801817392291840,3212,1029
699788877217865730,2362,531
699779630832685056,2922,1328
699775878809702401,2064,649
699691744225525762,10805,4918
699446877801091073,6249,2800
699434518667751424,2284,543
699423671849451520,1446,353
699413908797464576,2179,664
699370870310113280,1983,470
699323444782047232,3326,924
699088579889332224,2350,674
699079609774645248,2580,704
699072405256409088,3158,1269
699060279947165696,3978,1935
699036661657767936,2745,1278
698989035503689728,3555,1055
698953797952008193,2849,969
698907974262222848,2673,664
698710712454139905,2600,729
698703483621523456,1525,406
698635131305795584,1354,364
698549713696649216,2441,661
698355670425473025,1972,484
698342080612007937,2381,1013
698262614669991936,5004,2149
698195409219559425,17636,6387
698178924120031232,2948,791
697995514407682048,1609,358
697990423684476929,3466,1386
697943111201378304,2530,738
697881462549430272,3171,1273
697630435728322560,1842,576
697616773278015490,3331,1083
697596423848730625,3196,1352
697575480820686848,2147,540
697516214579523584,2188,1214
697482927769255936,2550,722
697463031882764288,3591,1475
697270446429966336,4926,1990
697259378236399616,3459,1067
697255105972801536,3177,1239
697242256848379904,2648,712
696900204696625153,3359,1097
696894894812565505,2460,726
696886256886657024,5094,1920
696877980375769088,2567,761
696754882863349760,1549,382
696744641916489729,2177,1004
696713835009417216,2498,691
696518437233913856,4097,1816
696490539101908992,1282,156
696488710901260288,2674,1108
696405997980676096,3388,1217
696100768806522880,2041,713
695816827381944320,3163,1247
695794761660297217,3357,840
695767669421768709,1970,798
695629776980148225,4804,2247
695446424020918272,4595,1940
695409464418041856,9092,3823
695314793360662529,3833,1577
695095422348574720,2785,658
695074328191332352,2995,1183
695064344191721472,1688,641
695051054296211456,2808,841
694925794720792577,2832,977
694905863685980160,2901,1001
694669722378485760,37598,15488
694356675654983680,1587,312
694352839993344000,2146,665
694342028726001664,1658,523
694329668942569472,2112,537
694206574471057408,4404,2175
694183373896572928,3101,996
694001791655137281,3572,1107
693993230313091072,1970,434
693942351086120961,1823,395
693647888581312512,2840,635
693644216740769793,1416,135
693642232151285760,2671,445
693629975228977152,2584,856
693622659251335168,1627,398
693590843962331137,5336,2114
693582294167244802,1727,273
693486665285931008,1874,675
693280720173801472,3540,1327
693267061318012928,2515,878
693262851218264065,2351,536
693231807727280129,3015,786
693155686491000832,8305,3422
693109034023534592,1809,658
693095443459342336,1975,496
692919143163629568,2817,800
692905862751522816,2562,941
692901601640583168,1881,650
692894228850999298,2402,866
692828166163931137,3029,943
692752401762250755,7182,3888
692568918515392513,4576,1647
692535307825213440,3367,1452
692530551048294401,1942,449
692423280028966913,1556,245
692417313023332352,9837,3717
692187005137076224,2659,877
692158366030913536,2265,850
692142790915014657,1730,421
692041934689402880,3582,1362
692017291282812928,3017,1020
691820333922455552,4163,1774
691793053716221953,8537,4498
691756958957883396,3045,1096
691675652215414786,2050,544
691483041324204033,2498,607
691459709405118465,4281,1235
691444869282295808,2793,909
691416866452082688,20368,8195
691321916024623104,2711,707
691096613310316544,3120,953
691090071332753408,1799,359
690989312272396288,6233,3078
690959652130045952,3779,1345
690938899477221376,4361,2137
690932576555528194,3466,1095
690735892932222976,3983,1372
690728923253055490,2290,554
690690673629138944,2450,855
690649993829576704,1380,301
690607260360429569,305,17
690597161306841088,2071,646
690400367696297985,1976,488
690374419777196032,3433,925
690360449368465409,2780,955
690348396616552449,1586,549
690248561355657216,1773,439
690021994562220032,2948,1108
690015576308211712,2647,793
690005060500217858,3864,1808
689999384604450816,1506,400
689993469801164801,1544,489
689977555533848577,1445,479
689905486972461056,2564,744
689877686181715968,3186,1268
689835978131935233,2282,810
689661964914655233,3374,998
689659372465688576,10918,4161
689623661272240129,2352,692
689599056876867584,12255,5929
689557536375177216,2159,494
689517482558820352,3570,1531
689289219123089408,2376,1001
689283819090870273,3467,1188
689280876073582592,2103,771
689275259254616065,1218,263
689255633275777024,2700,1162
689154315265683456,3229,1075
689143371370250240,2132,552
688916208532455424,2878,933
688908934925697024,2231,828
688898160958271489,2220,845
688894073864884227,2355,743
688828561667567616,1460,398
688804835492233216,1012,209
688789766343622656,2338,714
688547210804498433,2751,756
688519176466644993,2438,788
688385280030670848,9787,4779
688211956440801280,2346,896
688179443353796608,2230,629
688116655151435777,2975,841
688064179421470721,1819,386
687841446767013888,5763,2709
687826841265172480,2881,1209
687818504314159109,2637,1015
687807801670897665,2519,754
687732144991551489,1857,701
687704180304273409,2574,898
687664829264453632,2041,549
687494652870668288,2014,615
687480748861947905,1686,261
687476254459715584,2079,572
687460506001633280,2158,585
687399393394311168,1998,676
687317306314240000,21179,9820
687312378585812992,4594,2036
687127927494963200,5761,2460
687124485711986689,2278,543
687109925361856513,6124,2641
687102708889812993,2471,1064
687096057537363968,2364,651
686947101016735744,9074,3411
686760001961103360,3705,1477
686749460672679938,3656,1563
686730991906516992,4378,1286
686683045143953408,2963,861
686618349602762752,3884,1458
686606069955735556,2003,583
686394059078897668,1841,728
686386521809772549,3436,943
686377065986265092,2344,601
686358356425093120,2320,730
686286779679375361,4221,1789
686050296934563840,2326,782
686035780142297088,1216,129
686034024800862208,3287,1252
686007916130873345,2613,450
686003207160610816,1923,678
685973236358713344,2222,564
685943807276412928,1719,646
685906723014619143,7931,3127
685681090388975616,2142,137
685667379192414208,2470,616
685663452032069632,3425,1571
685641971164143616,3092,836
685547936038666240,34746,16841
685532292383666176,3204,1234
685325112850124800,9993,4288
685321586178670592,2787,687
685315239903100929,3526,1160
685307451701334016,2178,473
685268753634967552,3265,1298
685198997565345792,2461,715
685169283572338688,4323,1528
684969860808454144,2492,410
684959798585110529,7188,3367
684940049151070208,3390,1120
684926975086034944,3686,503
684914660081053696,3693,1567
684902183876321280,1981,569
684880619965411328,2213,880
684830982659280897,36952,23215
684800227459624960,2857,1071
684594889858887680,9416,3801
684588130326986752,4336,1508
684567543613382656,3172,1326
684538444857667585,2792,1028
684481074559381504,4073,1253
684460069371654144,2083,596
684241637099323392,8592,3554
684225744407494656,1308,229
684222868335505415,4054,1479
684200372118904832,2281,1110
684195085588783105,2021,560
684188786104872960,3669,1258
684177701129875456,2124,724
684147889187209216,3141,1608
684122891630342144,2099,511
684097758874210310,4329,1546
683857920510050305,4005,1201
683852578183077888,2028,377
683849932751646720,2763,1052
683834909291606017,2761,1192
683828599284170753,2944,1138
683773439333797890,3526,1459
683742671509258241,6858,3573
683515932363329536,7756,3129
683498322573824003,3346,1032
683481228088049664,2775,1067
683462770029932544,2565,718
683449695444799489,4111,1726
683391852557561860,8027,2571
683357973142474752,3087,1007
683142553609318400,3035,1113
683111407806746624,3582,981
683098815881154561,2285,709
683078886620553216,2088,603
683030066213818368,2270,786
682962037429899265,38943,17942
682808988178739200,1868,194
682788441537560576,2605,1201
682750546109968385,1605,469
682697186228989953,1385,387
682662431982772225,3209,1163
682638830361513985,2164,647
682429480204398592,3616,1250
682406705142087680,7997,1894
682393905736888321,2360,734
682389078323662849,1762,503
682303737705140231,3252,1073
682259524040966145,4401,1308
682242692827447297,3426,1273
682088079302213632,19286,10644
682059653698686977,5234,1820
682047327939461121,3386,1038
682032003584274432,6938,2158
682003177596559360,3316,1645
681981167097122816,2931,1107
681891461017812993,2597,888
681694085539872773,13444,4348
681679526984871937,1854,482
681654059175129088,2786,997
681610798867845120,2011,509
681579835668455424,3731,1402
681523177663676416,15073,6252
681340665377193984,1729,299
681339448655802368,9776,4361
681320187870711809,2793,812
681302363064414209,4154,1969
681297372102656000,3364,1028
681281657291280384,3390,1182
681261549936340994,1531,296
681242418453299201,1574,581
681231109724700672,2518,519
681193455364796417,3904,1603
680970795137544192,2558,715
680959110691590145,4792,2141
680940246314430465,3387,1134
680934982542561280,2187,472
680913438424612864,2516,664
680889648562991104,1858,394
680836378243002368,3636,1429
680805554198020098,2277,711
680801747103793152,2491,890
680798457301471234,3006,1122
680609293079592961,2771,768
680583894916304897,3813,1446
680497766108381184,4457,2053
680494726643068929,1799,518
680473011644985345,2678,801
680440374763077632,1526,543
680221482581123072,1527,309
680206703334408192,2985,1260
680191257256136705,2255,540
680176173301628928,4101,1686
680161097740095489,2436,789
680145970311643136,3803,1871
680130881361686529,2407,1018
680115823365742593,2855,973
680100725817409536,3755,1467
680085611152338944,13455,9564
680070545539371008,2708,940
680055455951884288,17559,7628
679877062409191424,2069,691
679872969355714560,2286,713
679862121895714818,2583,667
679854723806179328,3013,1322
679844490799091713,2489,823
679828447187857408,38106,15067
679777920601223168,3238,1197
679736210798047232,2196,852
679729593985699840,2272,879
679722016581222400,1741,501
679530280114372609,5004,2222
679527802031484928,2781,775
679511351870550016,3538,1366
679503373272485890,3309,1590
679475951516934144,2202,686
679462823135686656,33330,20206
679405845277462528,2494,1288
679158373988876288,22551,8692
679148763231985668,2910,1103
679132435750195208,3108,1237
679111216690831360,6241,2737
679062614270468097,17904,8794
679047485189439488,2359,730
679001094530465792,2962,1320
678991772295516161,2437,1258
678969228704284672,1722,495
678800283649069056,2698,963
678798276842360832,3653,1272
678774928607469569,2933,986
678767140346941444,3702,1464
678764513869611008,1714,508
678755239630127104,7481,3536
678740035362037760,3937,1819
678708137298427904,5831,2600
678675843183484930,3008,1584
678643457146150913,2147,455
678446151570427904,4187,1673
678424312106393600,5660,2714
678410210315247616,4434,1952
678399652199309312,82523,33946
678396796259975168,1662,449
678389028614488064,1955,450
678380236862578688,2554,967
678341075375947776,1806,573
678334497360859136,1358,279
678278586130948096,11991,6486
678255464182861824,1655,397
678023323247357953,2012,411
678021115718029313,14382,6793
677961670166224897,3571,1793
677918531514703872,1411,436
677895101218201600,5042,2247
677716515794329600,3185,1030
677700003327029250,3548,1537
677698403548192770,1279,339
677687604918272002,2587,898
677673981332312066,3491,1599
677662372920729601,2033,1041
677644091929329666,1957,848
677573743309385728,2235,770
677565715327688705,1349,484
677557565589463040,2545,1239
677547928504967168,7222,3868
677530072887205888,1120,240
677335745548390400,3175,1907
677334615166730240,1417,314
677331501395156992,1139,252
677328882937298944,3787,1589
677314812125323265,1719,570
677301033169788928,1297,436
677269281705472000,2082,749
677228873407442944,3693,1741
677187300187611136,2849,983
676975532580409345,2893,1137
676957860086095872,2304,857
676949632774234114,1357,422
676948236477857792,2267,925
676946864479084545,1777,401
676942428000112642,2160,808
676936541936185344,13216,5218
676916996760600576,3088,1913
676897532954456065,2348,766
676864501615042560,2193,756
676821958043033607,24004,16590
676819651066732545,1875,704
676811746707918848,1472,449
676776431406465024,5195,2126
676617503762681856,3016,1045
676613908052996102,1138,207
676606785097199616,1959,465
676603393314578432,1220,412
676593408224403456,4754,2287
676590572941893632,949,135
676588346097852417,2434,847
676582956622721024,1256,297
676575501977128964,2694,1188
676533798876651520,1955,594
676496375194980353,1581,567
676470639084101634,12069,4949
676440007570247681,1790,703
676430933382295552,1454,364
676263575653122048,2160,580
676237365392908289,1273,309
676219687039057920,77738,32831
676215927814406144,1805,620
676191832485810177,2370,1084
676146341966438401,1990,706
676121918416756736,2226,1226
676101918813499392,2917,1225
676098748976615425,3122,1521
676089483918516224,1370,453
675898130735476737,1698,604
675891555769696257,2215,922
675888385639251968,2464,1016
675878199931371520,4333,1474
675870721063669760,1703,602
675853064436391936,2784,1368
675849018447167488,978,157
675845657354215424,2371,938
675822767435051008,1582,564
675820929667219457,1087,242
675798442703122432,10618,3573
675781562965868544,1682,501
675740360753160193,1210,366
675710890956750848,1957,869
675707330206547968,2056,734
675706639471788032,670,103
675534494439489536,1881,439
675531475945709568,1220,405
675522403582218240,1079,300
675517828909424640,1353,481
675501075957489664,17723,6125
675497103322386432,3249,1365
675489971617296384,1348,627
675483430902214656,1914,1022
675432746517426176,1577,597
675372240448454658,1755,531
675362609739206656,1080,240
675354435921575936,33901,18076
675349384339542016,4049,2377
675334060156301312,2876,1360
675166823650848770,3728,1695
675153376133427200,6488,2742
675149409102012420,3862,1768
675147105808306176,975,253
675146535592706048,1238,328
675145476954566656,2207,948
675135153782571009,1343,518
675113801096802304,2012,819
675111688094527488,994,265
675109292475830276,2889,1190
675047298674663426,1094,342
675015141583413248,2798,1260
675006312288268288,1011,236
675003128568291329,1599,497
674999807681908736,2317,1154
674805413498527744,887,370
674800520222154752,3098,901
674793399141146624,2578,1144
674790488185167872,1139,265
674788554665512960,834,218
674781762103414784,2063,1264
674774481756377088,1163,496
674767892831932416,1885,833
674764817387900928,807,249
674754018082705410,1402,469
674752233200820224,1500,487
674743008475090944,1447,582
674742531037511680,503,54
674739953134403584,1145,414
674737130913071104,662,96
674690135443775488,1184,487
674670581682434048,1659,686
674664755118911488,948,266
674646392044941312,1484,524
674644256330530816,1059,282
674638615994089473,1726,606
674632714662858753,1543,602
674606911342424069,963,103
674468880899788800,6401,2156
674447403907457024,1087,372
674436901579923456,1146,413
674422304705744896,1472,557
674416750885273600,704,146
674410619106390016,1228,484
674394782723014656,1538,598
674372068062928900,867,322
674330906434379776,577,76
674318007229923329,1449,538
674307341513269249,11633,7263
674291837063053312,15157,6160
674271431610523648,1609,760
674269164442398721,920,236
674265582246694913,1679,887
674262580978937856,1336,475
674255168825880576,1509,584
674082852460433408,772,177
674075285688614912,1005,300
674063288070742018,6530,2319
674053186244734976,3408,1355
674051556661161984,1480,503
674045139690631169,1459,666
674042553264685056,738,134
674038233588723717,1125,426
674036086168010753,863,224
674024893172875264,1828,1281
674019345211760640,1162,312
674014384960745472,1601,674
674008982932058114,1231,368
673956914389192708,1995,1005
673919437611909120,1196,383
673906403526995968,3272,1683
673887867907739649,953,262
673716320723169284,3145,792
673715861853720576,3627,2173
673711475735838725,1058,308
673709992831262724,868,284
673708611235921920,1101,299
673707060090052608,1124,405
673705679337693185,1285,413
673700254269775872,1477,595
673697980713705472,3897,2038
673689733134946305,1781,676
673688752737402881,1294,516
673686845050527744,1478,455
673680198160809984,1404,484
673662677122719744,1277,374
673656262056419329,734,253
673636718965334016,1138,376
673612854080196609,1623,748
673583129559498752,1219,381
673580926094458881,851,276
673576835670777856,1415,582
673363615379013632,1046,318
673359818736984064,1479,696
673355879178194945,1523,605
673352124999274496,1689,558
673350198937153538,757,221
673345638550134785,2584,1326
673343217010679808,993,280
673342308415348736,1300,610
673320132811366400,13772,8258
673317986296586240,885,270
673295268553605120,7686,3285
673270968295534593,1086,383
673240798075449344,1449,757
673213039743795200,2299,879
673148804208660480,1732,651
672997845381865473,2008,747
672995267319328768,975,308
672988786805112832,1000,303
672984142909456390,1277,563
672980819271634944,1849,1036
672975131468300288,1724,948
672970152493887488,970,368
672968025906282496,1338,566
672964561327235073,1452,662
672902681409806336,1394,521
672898206762672129,912,435
672884426393653248,1586,856
672877615439593473,1053,381
672834301050937345,1340,589
672828477930868736,1274,507
672640509974827008,990,333
672622327801233409,1321,513
672614745925664768,1249,605
672609152938721280,1139,401
672604026190569472,1135,415
672594978741354496,1354,624
672591762242805761,969,345
672591271085670400,744,190
672538107540070400,1049,382
672523490734551040,655,178
672488522314567680,1136,451
672482722825261057,1159,626
672481316919734272,728,128
672475084225949696,1464,722
672466075045466113,1383,557
672272411274932228,6581,3505
672267570918129665,1534,634
672264251789176834,1171,349
672256522047614977,2875,1607
672254177670729728,1463,765
672248013293752320,1760,629
672245253877968896,701,162
672239279297454080,914,330
672231046314901505,1873,1044
672222792075620352,802,217
672205392827572224,2308,1192
672169685991993344,1043,382
672160042234327040,887,369
672139350159835138,1783,740
672125275208069120,2455,1178
672095186491711488,1017,377
672082170312290304,960,377
672068090318987265,1324,530
671896809300709376,8633,4292
671891728106971137,1357,585
671882082306625538,3536,1419
671879137494245376,1447,707
671874878652489728,1273,576
671866342182637568,1146,516
671855973984772097,924,466
671789708968640512,7202,3601
671768281401958400,1220,542
671763349865160704,1715,954
671744970634719232,1373,796
671743150407421952,755,238
671735591348891648,1477,779
671729906628341761,8676,4498
671561002136281088,13093,7459
671550332464455680,935,213
671547767500775424,1376,613
671544874165002241,2026,1082
671542985629241344,1112,584
671538301157904385,940,409
671536543010570240,1201,420
671533943490011136,1040,597
671528761649688577,853,265
671520732782923777,1423,540
671518598289059840,969,302
671511350426865664,1642,748
671504605491109889,7179,3655
671497587707535361,935,460
671488513339211776,1031,483
671486386088865792,591,212
671485057807351808,775,239
671390180817915904,1449,755
671362598324076544,1131,301
671357843010908160,407,151
671355857343524864,486,116
671347597085433856,983,442
671186162933985280,753,218
671182547775299584,1148,356
671166507850801152,891,362
671163268581498880,1691,1140
671159727754231808,381,84
671154572044468225,736,225
671151324042559489,687,159
671147085991960577,689,235
671141549288370177,1190,672
671138694582165504,951,417
671134062904504320,764,199
671122204919246848,3571,2602
671115716440031232,1384,796
671109016219725825,1169,454
670995969505435648,1129,301
670842764863651840,25057,9026
670840546554966016,607,201
670838202509447168,1138,718
670833812859932673,457,128
670832455012716544,746,225
670826280409919488,5665,4189
670823764196741120,792,198
670822709593571328,624,99
670815497391357952,3240,1588
670811965569282048,1155,277
670807719151067136,1174,504
670804601705242624,2010,987
670803562457407488,347,89
670797304698376195,748,244
670792680469889025,850,286
670789397210615808,676,248
670786190031921152,610,207
670783437142401025,833,408
670782429121134593,1600,797
670780561024270336,796,297
670778058496974848,334,74
670764103623966721,1094,436
670755717859713024,452,115
670733412878163972,982,527
670727704916926465,843,372
670717338665226240,1238,510
670704688707301377,779,383
670691627984359425,600,251
670679630144274432,762,292
670676092097810432,257,44
670668383499735048,10935,5207
670474236058800128,1564,788
670468609693655041,359,87
670465786746662913,989,570
670452855871037440,560,214
670449342516494336,1217,694
670444955656130560,6852,2040
670442337873600512,656,203
670435821946826752,1074,533
670434127938719744,1432,667
670433248821026816,334,117
670428280563085312,1411,651
670427002554466305,528,170
670421925039075328,1337,657
670420569653809152,639,327
670417414769758208,581,330
670411370698022913,2070,931
670408998013820928,569,232
670403879788544000,442,162
670385711116361728,575,219
670374371102445568,759,277
670361874861563904,336,69
670338931251150849,436,114
670319130621435904,3937,1265
670303360680108032,436,139
670290420111441920,724,297
670093938074779648,1052,348
670086499208155136,713,262
670079681849372674,2265,1282
670073503555706880,1601,817
670069087419133954,647,252
670061506722140161,784,353
670055038660800512,683,342
670046952931721218,660,181
670040295598354432,770,115
670037189829525505,597,288
670003130994700288,342,96
669993076832759809,332,87
669972011175813120,454,168
669970042633789440,308,62
669942763794931712,520,172
669926384437997569,384,108
669923323644657664,242,59
669753178989142016,830,415
669749430875258880,277,67
669684865554620416,532,91
669683899023405056,396,114
669682095984410625,360,137
669680153564442624,681,299
669661792646373376,822,455
669625907762618368,3600,1864
669603084620980224,962,375
669597912108789760,520,155
669583744538451968,1515,958
669573570759163904,445,146
669571471778410496,1613,1049
669567591774625800,240,58
669564461267722241,395,128
669393256313184256,376,79
669375718304980992,1365,753
669371483794317312,506,187
669367896104181761,473,164
669363888236994561,639,237
669359674819481600,375,127
669354382627049472,2767,1307
669353438988365824,660,266
669351434509529089,450,194
669328503091937280,1031,430
669327207240699904,586,119
669324657376567296,504,214
669216679721873412,1210,414
669214165781868544,449,175
669203728096960512,1024,493
669037058363662336,675,322
669015743032369152,757,384
669006782128353280,589,258
669000397445533696,21276,6570
668994913074286592,451,240
668992363537309700,757,357
668989615043424256,696,338
668988183816871936,917,488
668986018524233728,565,173
668981893510119424,549,317
668979806671884288,808,357
668975677807423489,1328,602
668967877119254528,150,25
668960084974809088,721,245
668955713004314625,286,74
668932921458302977,273,59
668902994700836864,324,103
668892474547511297,403,155
668872652652679168,540,308
668852170888998912,463,171
668826086256599040,444,141
668815180734689280,583,279
668779399630725120,716,382
668655139528511488,542,223
668645506898350081,916,554
668643542311546881,899,543
668641109086707712,1098,555
668636665813057536,1062,502
668633411083464705,2877,1697
668631377374486528,735,326
668627278264475648,325,118
668625577880875008,395,138
668623201287675904,1470,800
668620235289837568,207,44
668614819948453888,622,322
668587383441514497,1698,1111
668567822092664832,250,57
668544745690562560,532,233
668542336805281792,471,222
668537837512433665,257,77
668528771708952576,472,232
668507509523615744,333,111
668496999348633600,420,135
668484198282485761,435,241
668480044826800133,471,153
668466899341221888,901,528
668297328638447616,632,306
668291999406125056,250,32
668286279830867968,517,142
668274247790391296,842,235
668268907921326080,565,243
668256321989451776,1329,636
668248472370458624,1013,501
668237644992782336,6324,2925
668226093875376128,305,106
668221241640230912,518,203
668204964695683073,560,200
668190681446379520,665,200
668171859951755264,503,201
668154635664932864,506,325
668142349051129856,576,294
668113020489474048,677,251
667937095915278337,1294,816
667924896115245057,307,113
667915453470232577,215,58
667911425562669056,498,311
667902449697558528,861,385
667886921285246976,1920,1118
667885044254572545,832,500
667878741721415682,400,122
667873844930215936,640,417
667866724293877760,3045,1058
667861340749471744,245,78
667832474953625600,293,63
667806454573760512,1070,510
667801013445750784,334,97
667793409583771648,710,336
667782464991965184,417,249
667773195014021121,239,58
667766675769573376,448,222
667728196545200128,380,152
667724302356258817,491,326
667550904950915073,0,35
667550882905632768,0,33
667549055577362432,5872,2330
667546741521195010,338,127
667544320556335104,878,534
667538891197542400,208,67
667534815156183040,830,551
667530908589760512,476,245
667524857454854144,1722,1131
667517642048163840,372,196
667509364010450944,6859,2169
667502640335572993,538,223
667495797102141441,527,276
667491009379606528,539,232
667470559035432960,259,100
667455448082227200,194,60
667453023279554560,318,91
667443425659232256,792,591
667437278097252352,453,242
667435689202614272,308,84
667405339315146752,473,221
667393430834667520,198,58
667369227918143488,370,167
667211855547486208,498,245
667200525029539841,622,265
667192066997374976,390,109
667188689915760640,749,422
667182792070062081,14441,6298
667177989038297088,192,55
667176164155375616,613,467
667174963120574464,246,84
667171260800061440,222,91
667165590075940865,2712,1157
667160273090932737,259,62
667152164079423490,48174,17372
667138269671505920,4652,2244
667119796878725120,331,128
667090893657276420,337,129
667073648344346624,407,124
667070482143944705,84,14
667065535570550784,168,48
667062181243039745,220,55
667044094246576128,186,51
667012601033924608,452,225
666996132027977728,247,95
666983947667116034,2566,992
666837028449972224,826,559
666835007768551424,217,80
666826780179869698,256,97
666817836334096384,522,253
666804364988780544,243,94
666786068205871104,765,488
666781792255496192,389,198
666776908487630848,351,175
666739327293083650,238,66
666701168228331520,433,219
666691418707132416,189,47
666649482315059201,1122,628
666644823164719104,233,83
666454714377183233,520,208
666447344410484738,105,20
666437273139982337,125,48
666435652385423360,165,53
666430724426358785,316,196
666428276349472768,165,83
666421158376562688,316,111
666418789513326592,124,45
666411507551481857,441,323
666407126856765440,107,40
666396247373291520,166,84
666373753744588802,186,92
666362758909284353,770,564
666353288456101888,217,71
666345417576210432,290,133
666337882303524864,196,90
666293911632134144,494,352
666287406224695296,146,64
666273097616637952,174,76
666268910803644416,102,35
666104133288665088,14158,6480
666102155909144576,80,12
666099513787052032,153,67
666094000022159362,163,72
666082916733198337,116,44
666073100786774016,318,162
666071193221509120,145,59
666063827256086533,471,215
666058600524156928,111,57
666057090499244032,294,141
666055525042405380,432,243
666051853826850816,1209,841
666050758794694657,132,59
666049248165822465,108,41
666044226329800704,296,139
666033412701032449,125,44
666029285002620928,129,47
666020888022790149,2541,507
666020888022790149,2541,507
666020888022790149,2541,507
666020888022790149,2541,507
666020888022790149,2541,507
666020888022790149,2541,507
666020888022790149,2541,507
666020888022790149,2541,507
666020888022790149,2541,507
666020888022790149,2541,507
666020888022790149,2541,507
666020888022790149,2541,507
666020888022790149,2541,507
666020888022790149,2541,507
666020888022790149,2541,507
